48.0517637
33.7825194
41.49932
42.2625932
34.0007104
41.5581525
44.8041322
42.4733688
30.2240897
43.6187102
41.6819935
33.8675143
33.952602
39.5186002
26.7153424
42.51954
41.7605849
39.1156615
25.8195424
33.7513419
33.5778631
38.9822282
32.2987573
35.262082
29.2108147
39.0997265
33.7444613
44.7677424
32.9029017
33.3942655
32.3668052
41.7369803
42.4792618
40.6084305
32.8323225
32.4609764
42.8864468
42.9764027
32.8342952
40.742551
38.5815719
35.3859242
41.8137116
41.6266555
40.9125992
39.7047095
36.0395247
34.0900091
41.0534302
39.165325
36.548434
47.6587802
46.2112458
39.9525839
48.74908
36.3302284
43.8013556
41.2619444
26.217305
32.7766642
38.0049214
42.5803122
26.3184123
39.9567548
41.1399814
33.5539143
38.9536174
40.0455917
34.9889818
34.0122346
39.1434406
33.7091847
39.4142688
35.612661
41.9294736
43.0166806
39.8680412
41.5772115
41.7014912
36.2077288
32.6400541
26.271192
35.4087517
33.8839926
28.6934076
47.9252568
39.7136754
41.7508391
26.0112014
36.3320196
29.9510658
47.1717649
41.719978
43.6629384
45.5230622
37.9779776
47.4703767
38.7881062
43.0116784
35.1982836
47.1853785
42.8142432
39.7392358
39.7817213
37.2871651
33.9424658
39.6895036
42.2505943
34.483901
34.769536
39.5296329
39.613321
34.5400242
37.7021521
33.425125
43.661471
45.0941315
41.2705484
32.792
33.0806083
43.0125274
38.0279762
33.3703197
33.9166805
33.7205771
33.4941704
39.9611755
40.0378755
40.8257625
40.2170534
42.3600825
34.1361187
44.0121221
38.789217
38.9784453
35.9131996
39.8386516
32.6789476
41.6155909
46.8787176
36.8252277
29.5635666
33.3528264
44.9591352
35.7795897
33.7877944
37.9100783
47.5673202
36.06523
32.436381
30.4382559
30.3118769
37.2295733
29.4241219
41.7637111
42.492786
42.0986867
43.6121087
43.7730448
29.7355047
35.79154
42.2180724
36.1539816
26.2159066
41.1339449
38.2975381
39.7294319
46.7866719
37.2709704
44.0581728
34.5008311
42.3764852
26.640628
27.950575
34.09751
36.5859718
42.5083482
26.1275862
38.8338816
37.6390972
42.9633599
41.8850317
27.3364347
33.9971974
33.8816818
40.0149856
35.6869752
33.6803003
42.3459271
33.9533487
34.5794343
38.1074198
41.0602216
41.6986416
33.6000232
42.0697509
38.891565
42.4250964
33.1031744
32.2217429
35.9250637
44.7973962
30.3321838
39.3642834
42.1292241
37.3021632
32.4487364
33.8886259
34.8526176
35.410694
42.4974085
40.2731911
34.274646
37.5482697
38.2544472
42.3917638
38.5200504
44.977753
35.2045328
33.9137085
29.6185669
38.6270025
26.1947962
35.0853336
33.9519347
40.5621704
36.1988592
34.055103
33.952463
39.8814519
38.9716689
31.9973456
35.4675602
32.3909071
33.4151843
41.117744
42.8694731
43.0605671
32.9312336
41.6619927
33.7458511
45.5579451
40.8567662
33.1192068
37.6304904
37.8715926
33.4269728
34.6035669
44.811349
33.0581063
32.5896998
41.079273
47.7556531
42.4184296
33.9319578
42.6525793
37.6879241
42.240872
45.1732394
37.5629917
28.5383355
42.866632
32.844017
34.2257255
27.8428025
25.9331488
39.114053
42.5834228
42.1391927
42.3370413
25.8900949
41.5242649
40.735657
31.3112936
45.1607987
26.1906306
34.6391501
33.2148412
29.3013479
39.6136578
36.6777372
25.9420377
38.4192496
27.5305671
28.0836269
32.7995738
28.0344621
35.7212689
40.8893895
37.5949316
41.4047742
44.0805434
33.9652918
39.8083196
42.1014831
40.5852602
37.7249296
33.2000368
40.9312099
39.1031182
39.6417629
28.8028612
40.6975898
41.6639383
31.5455001
37.0870821
41.5833688
42.1662831
29.6196787
34.7303688
38.1341477
47.8106521
32.6518004
35.9382103
42.6389216
32.6781085
37.6688205
43.0962143
39.5349112
36.3274502
33.8169599
41.0997803
34.6992579
34.0555693
37.3058839
43.5407172
38.9071923
41.8661403
32.5920798
34.1064001
46.8771863
40.6936488
41.2523634
33.640855
39.1836082
33.8302961
32.715738
38.440429
42.6334247
36.060949
47.3809335
36.1626638
40.8859325
39.9205411
35.9940329
37.688889
33.7805388
44.6496868
41.8994744
26.1595194
42.9614039
37.36883
36.9741171
42.5847425
40.7933949
40.75839
39.9356016
26.2378597
31.4637723
40.4842027
37.7396513
34.9495672
42.7653662
32.8406946
40.7062128
39.9259463
33.7222445
42.0255827
36.7682088
40.0992294
34.2163937
43.2341813
40.6639916
61.2180556
48.2329668
26.0764783
26.2034071
33.1972465
31.1171194
41.04422
37.8043637
37.3860517
33.6680772
35.2219971
40.2338438
33.7489954
34.0625106
41.3144966
36.9613356
39.8403147
42.0028761
30.6953657
38.1040864
34.1397292
35.042036
38.5767017
32.5007037
33.3061605
39.8027644
34.095287
40.486427
26.1723065
39.768403
26.5317866
33.4150485
42.0664167
41.7798226
40.4167022
38.8813958
34.0289259
36.0726354
42.2917069
45.4312294
34.7540524
38.7071247
33.2098407
41.7317884
33.9164032
33.4053867
26.4614625
26.6617635
35.1359386
26.1003654
42.6064095
40.9114882
37.9577016
42.4894801
28.6122187
33.5225261
47.6732281
33.6411316
32.7459645
36.8354258
47.0342629
35.732652
42.4999942
33.0369867
40.114955
33.9816812
44.8546856
33.5805955
33.4255104
39.7390721
40.6677248
42.324204
32.7667955
36.0956918
32.912624
37.9357576
46.8083268
39.1637984
35.7478769
33.4734978
35.0526641
31.5785074
40.4594021
37.5296593
34.0286226
34.6059253
35.0456297
38.2775702
41.9950276
34.0852868
25.790654
35.6145169
29.8849504
35.2827524
32.5420821
33.6189101
40.521893
46.6020711
39.7589478
30.3674198
33.7700504
39.7284944
31.3271189
44.0520691
34.0739016
34.0165053
37.6624312
47.9789848
38.0608445
38.2493581
33.4355977
41.5931049
42.3211522
44.840798
41.5094771
45.487062
29.9940924
34.4047987
42.7284117
37.4323341
42.0333623
33.8722371
41.900101
34.0775104
36.3134397
32.0835407
41.2375569
45.6387281
26.1669711
40.1933767
40.3916172
37.7749295
34.0922335
33.1506744
33.9898188
32.9628232
39.843947
40.4862157
36.8507689
45.5228939
33.7839084
30.421309
39.3995008
34.1954331
34.1083449
33.9698929
34.5362184
41.5933696
32.8795022
37.1305012
42.5005583
43.0481221
36.5297706
28.0394654
40.6642699
39.158168
46.8737648
34.0211224
42.1103041
47.6062095
39.0836712
38.4087993
32.5251516
41.223
38.4495688
33.9616801
34.1477849
42.7070354
45.4206749
38.232417
39.9242266
38.6779591
34.6100243
32.3199396
45.6769979
42.0333607
42.5144566
38.7874699
42.034722
33.6292337
32.9483335
43.6155825
29.8832749
41.2459149
44.2619309
39.0228485
41.6661573
37.6818745
35.2270869
37.7719074
26.9342246
38.3396367
41.8781136
45.7832856
43.0494572
41.8800296
41.308274
39.9625984
35.9606384
41.3683798
41.7003208
40.6668916
37.7652065
37.7974273
44.9530215
42.3265152
35.8456213
39.1404477
41.3164856
42.5348993
35.0867577
41.408969
32.6098566
38.7509488
38.3565773
34.0194543
36.7282054
42.6583661
33.6633573
38.3498195
35.7688425
28.2489016
32.7764749
35.4873613
33.8752935
38.7907339
38.9108408
29.5844524
40.5649781
36.3728538
34.3916641
28.6611089
29.7030024
35.1495343
32.8140177
38.8048355
34.4263886
42.2042586
33.9462125
42.0324025
40.7684342
40.6259316
39.7674578
33.8491816
29.7604267
33.4936391
42.2808256
30.080174
42.7369792
32.8383828
26.2128609
41.1543623
26.007765
36.1867442
34.1975048
31.8456816
36.1156071
42.0834335
40.6687141
33.8894598
41.5067003
32.3643098
35.1595182
40.7281575
44.9537029
28.9005446
40.6576022
41.6611277
33.8352932
44.7319094
47.4941836
40.6916132
37.0298687
30.6332618
40.2968979
34.1442616
32.9341893
32.9810059
34.7464809
33.7455731
41.0339862
43.4916514
47.610377
38.7521235
40.5067723
42.5278731
40.9263957
38.9517053
42.7261309
39.978371
42.2011538
39.5150576
38.6785157
42.4084302
32.8370727
42.0883603
33.7475203
35.9556923
40.0581205
35.4495065
33.1433723
29.1383165
33.8536269
40.1261743
42.2711311
32.7947731
27.773056
41.8089191
41.2306979
44.6365107
36.1699412
29.6910625
27.2730492
41.9778795
29.2858129
42.2528772
25.9860762
31.7775757
39.0558235
34.0805651
44.9901194
44.9211836
41.0814447
26.3017374
34.1063989
32.8546197
38.2526647
36.910231
26.2517482
27.4989278
33.1580933
29.383845
40.5865396
42.9133602
41.452819
41.1616108
26.1224386
32.6130007
27.9658533
25.5808323
34.79981
39.4667034
31.0982344
39.7092262
43.5445959
39.2014404
26.2445263
42.5250906
41.7001009
35.3732921
25.7616798
30.2265949
46.2856907
35.7344538
37.654656
45.0105194
41.6763545
35.6528323
41.6005448
26.339806
40.5246711
33.9791793
42.36837
43.0389025
47.3073228
33.9204354
42.5584283
47.4828776
39.5807452
37.5407246
40.1053196
33.9294606
30.4393696
40.7439905
38.0405837
33.9022367
32.6926512
34.1283442
41.9125286
41.525031
34.9248667
38.5890723
42.3369816
21.3069444
28.8052674
41.9445441
33.0151201
32.9756415
41.632223
42.0629915
42.7262016
27.044224
39.0839973
34.1808392
33.8703596
44.0247062
30.7235263
42.4989936
33.9830688
33.8583483
34.0200114
39.0638705
36.3955891
37.3382082
30.5082551
45.0724642
35.2225668
25.4687224
29.5293998
33.6839473
42.8713032
37.6138253
43.7508284
32.5159852
30.505198
33.9304352
40.1164204
40.8584328
35.3395079
39.0169509
34.6867846
30.6743643
32.8234621
26.5628537
37.3229978
42.4500845
37.0057816
42.9956397
36.8529263
38.8402805
42.3875968
27.9094665
36.7468422
32.4709761
41.8505874
26.8233946
41.878711
34.0961111
36.0998596
34.0753762
38.8106075
37.4852152
37.5933918
25.9812024
44.1635775
33.5676842
33.6971468
40.3977612
42.1211364
41.8239891
25.8575963
37.7799273
34.0633443
47.6814875
37.0965278
32.216316
34.1425078
41.5381535
33.8883487
42.1250929
42.0354084
33.0198431
40.1672068
32.9545687
41.4819932
35.8422967
30.627977
42.3222599
43.100903
32.5093109
39.2903848
37.2089572
34.2284312
40.6337136
42.466763
44.9238552
29.6516344
38.5804609
47.6162683
25.9564812
36.0625795
37.9735346
35.0886963
47.2528768
41.5623209
44.4758825
42.5629668
33.6356618
40.7127837
34.2694474
34.0686208
39.3722121
30.8327022
32.7554883
33.8316745
37.9715592
34.9530337
36.0331164
32.7678287
39.8366528
40.3356483
37.4946568
40.4233142
32.3512601
28.5652787
31.549333
38.0193657
34.1705609
34.1336186
41.1865478
44.9597376
38.6631083
26.6276276
46.2395793
33.8358492
43.0730517
42.6827885
42.3636331
36.9685219
32.735687
33.046233
36.7280583
37.9974219
37.4418834
44.0462362
41.6362152
47.6739881
37.931868
38.5449065
33.9172357
35.9828412
40.5186809
31.2232313
40.767323
41.5731442
30.3960318
40.1105875
33.7739053
33.930293
39.8961821
40.7989473
33.8651033
30.4582829
41.6717648
39.0911161
42.732535
41.6303103
39.4863773
44.519159
42.0450722
28.5691677
34.0522342
47.3223221
40.6096698
34.033625
40.4406248
33.9401088
41.8455877
33.954737
30.1588129
37.0842271
29.5074538
40.7607793
27.4467056
33.4483771
44.5645659
32.5884689
42.1487043
29.1871986
34.0232431
42.0111412
43.2081366
47.0378741
33.660297
27.8005828
42.7762015
41.9994722
42.3736158
33.5386523
33.8025155
33.0185039
41.5236437
26.3683064
41.6612104
42.4972583
41.5200518
45.5001357
26.1403635
36.3047735
37.3541079
33.1958696
33.6469661
42.48059
40.7878788
42.40843
40.6220478
35.5950581
33.8958492
37.4137536
39.0067768
41.394817
38.0293059
25.72149
47.6776832
34.0686206
42.2411344
37.8215929
33.4353394
40.9167654
44.9428975
28.2919557
43.4194699
25.9017472
33.0145673
32.9342919
44.8896866
42.331427
39.3454673
32.5631924
43.16103
33.5206608
30.267153
34.4208305
41.931696
35.2327544
40.5142026
41.6475306