-122.1770818
-117.2286478
-81.6943605
-71.8022934
-81.0348144
-73.0514965
-93.1668858
-83.2218731
-92.0198427
-116.2146068
-85.9766671
-117.9981181
-84.5499327
-104.7613633
-80.0533746
-70.8967155
-88.3200715
-77.5636015
-80.3553302
-117.9939921
-101.8551665
-94.6707917
-90.1848103
-81.1873005
-81.0228331
-94.5785667
-118.3870173
-93.2777226
-96.56388
-104.5230242
-86.2999689
-111.8338359
-71.1522765
-75.4901833
-79.8284258
-84.9877094
-78.8783689
-88.1084224
-97.2289029
-84.1052256
-121.4943996
-94.3985475
-71.3700545
-93.7121656
-73.8370786
-105.0813734
-114.9817213
-117.8903397
-73.5387341
-86.5263857
-82.5618186
-117.4260466
-119.1372338
-75.1652215
-122.4781473
-119.2920585
-91.2395807
-95.8608333
-80.2258811
-96.7969879
-121.805789
-83.0302033
-80.0997657
-86.01335
-104.8202462
-117.2139232
-94.7335709
-86.0085955
-90.0125913
-117.688944
-77.2013705
-117.9536697
-77.4105409
-77.3663538
-88.7503647
-88.0070315
-104.9719243
-93.711332
-71.1550451
-119.3473379
-117.0841955
-80.2706044
-80.579511
-84.5143761
-81.5322149
-97.0328547
-82.5993294
-88.1535352
-80.1494901
-94.1185366
-90.0715323
-122.518458
-87.7479528
-116.6873596
-122.6764816
-122.0310733
-122.3467918
-90.4974359
-88.2314813
-111.651302
-122.2928974
-73.9395687
-104.990251
-89.6501481
-121.9499568
-117.2296717
-84.1688274
-83.1785361
-114.3224548
-92.2670941
-119.8138027
-105.0166498
-112.4685025
-121.9357918
-94.0476882
-70.2553259
-93.3563405
-72.9469711
-115.5630514
-96.8928309
-83.6874562
-121.8846806
-112.5837766
-117.9000604
-116.2155619
-111.9260519
-82.9987942
-76.3055144
-96.6851982
-74.7429384
-71.0588801
-117.865339
-92.4801989
-90.322614
-76.4921829
-79.0558445
-86.0252612
-115.4988834
-87.5294871
-113.996586
-119.7029194
-95.2860474
-111.789027
-89.6301221
-78.6381787
-117.8531119
-122.0651819
-122.6329356
-119.0167679
-111.2224422
-84.2807329
-95.4560512
-80.4139393
-98.4936282
-72.6850932
-92.3425775
-75.9179738
-116.3915131
-88.4470508
-94.9774274
-78.7811169
-70.9410356
-95.992775
-98.3252932
-81.4845585
-122.286865
-104.8319195
-92.1004852
-79.9414266
-121.3153096
-117.1858759
-71.2356113
-81.8723084
-82.4571776
-117.6483876
-79.3950228
-89.0317765
-80.2331036
-104.8213634
-120.9968782
-85.6680863
-87.7845025
-82.5306527
-117.4854802
-118.1170117
-105.2705456
-105.937799
-116.173894
-71.5522874
-117.3961564
-118.1164613
-122.5697032
-111.9710529
-88.0683955
-117.6719953
-87.7878408
-121.2930079
-71.066163
-96.6705503
-110.926479
-86.8688899
-93.5272861
-81.655651
-74.4229266
-80.085059
-120.4829677
-99.7331439
-117.8131125
-82.3940104
-80.8428504
-82.8963604
-76.8867008
-119.2290316
-121.9885719
-104.6091409
-71.0328284
-89.9839935
-93.2650108
-89.8739753
-98.4933873
-95.5377215
-90.1994042
-98.1836216
-106.6055534
-83.357567
-111.929658
-115.1175013
-117.7499909
-117.5848025
-83.0929644
-95.2352501
-102.0779146
-97.5164276
-110.966488
-111.8314724
-73.4081575
-85.6447492
-88.1064787
-96.4597089
-86.1586156
-117.826166
-94.1632404
-74.1284764
-117.086421
-122.4110835
-122.272747
-117.6119925
-98.3959291
-91.4984941
-112.0476423
-96.8570738
-85.1393513
-122.3415178
-71.1061639
-117.9461734
-73.7562317
-122.4702079
-83.2696509
-93.3030063
-122.3255254
-81.3792365
-106.313081
-97.1430671
-77.9447102
-82.6995443
-80.1625463
-94.6274636
-71.8022955
-87.9289591
-71.2092214
-80.1867138
-72.0759105
-74.1723667
-92.4451371
-93.2349489
-97.6961026
-120.4579409
-97.1330683
-94.7976958
-86.1066526
-121.6555013
-80.2456045
-82.445154
-99.4803241
-80.6081089
-97.2691817
-80.5886646
-77.9155395
-111.880771
-120.9577098
-81.7229086
-103.2310149
-118.1514588
-104.9338675
-72.589811
-105.084423
-122.1560768
-117.2425355
-73.8987469
-84.5120196
-77.7199932
-81.269453
-74.2631635
-83.555212
-110.2772856
-76.4730122
-87.5000412
-87.9631308
-95.6349463
-86.5861037
-121.2722194
-122.3773552
-96.9083366
-77.7905339
-83.2910468
-117.0991967
-122.0807964
-79.0377388
-119.7526886
-119.6456844
-118.0372852
-80.6495194
-86.7483318
-117.1825381
-89.5181476
-116.5634624
-77.0368707
-88.1070127
-96.7561082
-117.3703235
-96.7898034
-89.5889864
-95.9979883
-117.603104
-96.5716694
-116.5452921
-117.1610838
-122.7140548
-71.3161718
-95.7974526
-122.2348431
-86.7816016
-74.0434736
-105.0866504
-78.898619
-97.336111
-116.4668036
-93.24272
-87.9403418
-97.9908366
-88.0125865
-122.0363496
-122.0307963
-87.8211854
-77.8600012
-82.5154471
-91.4098726
-80.1247667
-100.4370375
-88.9936873
-121.4252227
-81.9320482
-71.467566
-83.6324022
-73.6187397
-75.1196199
-116.3744556
-88.1784085
-76.2874927
-83.1140771
-119.0376023
-86.2483921
-74.2107006
-149.9002778
-101.2922906
-80.2521157
-98.2300124
-96.6397822
-97.7277959
-83.6499321
-122.2711137
-122.0838511
-117.3272615
-101.8312969
-111.6585337
-84.3879824
-118.1228476
-81.83569
-120.0607176
-88.9548001
-71.5147839
-88.0398912
-122.2566367
-118.0353449
-89.6645266
-92.1735164
-94.7404891
-111.8412502
-105.0874842
-118.1270146
-86.1336033
-80.1319893
-86.158068
-80.0905465
-111.5495777
-87.9372908
-71.4372796
-86.8752869
-94.8191285
-84.198579
-79.7919754
-85.5872286
-122.7714861
-77.4302414
-121.2810611
-87.5691735
-93.6001278
-118.3525748
-86.8113781
-80.0728201
-80.2683571
-114.5285981
-80.3997748
-83.1497751
-73.7823549
-121.2907796
-83.1446485
-80.8075537
-117.7075526
-117.2393748
-117.9186689
-96.9977846
-76.2982742
-122.8231915
-78.8502856
-96.4003069
-117.2919818
-111.654923
-118.2250725
-93.470786
-112.2373779
-111.9400054
-75.5397878
-111.9388258
-83.400211
-96.5991593
-79.4377991
-96.6388833
-122.3477486
-100.7837392
-119.7674034
-95.3696909
-82.0105148
-78.8783585
-84.155741
-74.360846
-122.0402399
-117.8103367
-86.9833417
-85.3096801
-85.7371847
-88.1856301
-117.9608978
-80.1300455
-88.8139469
-93.939947
-120.6596156
-97.3208492
-117.9289469
-111.9391023
-120.5058987
-84.1916069
-89.0928155
-118.1937395
-121.8374777
-89.2903392
-123.0867536
-117.3136547
-118.1137535
-121.8746789
-122.2020794
-97.9297743
-122.0399663
-112.3496021
-81.5267873
-85.1797142
-93.2982799
-90.5787476
-122.8037102
-90.2417434
-103.2052272
-73.6917851
-121.8995741
-87.8833991
-117.8703363
-71.0897674
-117.6897776
-82.3534727
-81.0998342
-80.8184166
-122.6614861
-80.256595
-85.3863599
-111.8507662
-122.4194155
-117.435048
-96.8236116
-117.7325848
-117.0358646
-84.1246608
-74.4518188
-76.2858726
-122.989827
-116.958635
-87.2169149
-84.5613355
-79.7625625
-117.2897652
-84.2214551
-117.2927641
-87.3464271
-111.7573521
-121.6543901
-90.6645718
-76.1474244
-87.3594528
-81.9498042
-73.7084645
-75.5243682
-96.7678039
-118.3964665
-88.03424
-122.3320708
-84.5085536
-121.3716178
-93.7501789
-111.9738304
-78.8689155
-118.3531311
-118.1445155
-71.1631137
-122.6706498
-122.6366524
-83.8088171
-121.1760583
-112.315721
-106.7636538
-111.0429339
-88.0834059
-83.0146526
-90.6298922
-93.62
-112.3679279
-96.7298519
-84.2472116
-97.9413941
-75.8813075
-88.4153847
-94.7151865
-81.339552
-121.7680088
-80.8431267
-87.1111676
-80.0942087
-122.7010984
-87.6297982
-108.5006904
-88.0075875
-88.0078435
-72.9278835
-76.727745
-83.9207392
-82.1076486
-70.3002024
-111.8879909
-122.2416355
-121.2160526
-92.9952153
-122.8755949
-86.39027
-121.6169108
-73.0931641
-92.4453161
-89.8100858
-75.6624122
-85.4807825
-77.4752667
-121.9877444
-118.4911912
-76.5835621
-83.1499322
-116.3100095
-81.6326234
-119.2470536
-81.2811801
-79.9310512
-80.6217341
-117.5664384
-121.2357828
-94.3821724
-81.2078699
-111.8389726
-94.2088172
-118.542586
-81.3656242
-98.1244531
-90.0489801
-96.9488945
-77.0469214
-117.3008784
-72.6162009
-84.3346473
-87.7416246
-74.1454214
-75.3704579
-94.846681
-118.3884078
-95.3698028
-117.1483648
-83.7430378
-94.1265562
-84.4838654
-116.9739167
-80.2497707
-95.9145568
-80.2962555
-94.1288141
-119.1770516
-102.3676431
-97.0583681
-71.0183787
-74.1143091
-118.1597911
-90.5151342
-88.703656
-84.8766115
-74.0776417
-93.0899578
-81.2636738
-73.5831835
-91.5301683
-117.9145036
-93.21772
-111.2833449
-112.0010501
-76.3452218
-97.6779842
-111.6946475
-118.0019482
-97.229298
-80.0325867
-92.2895948
-117.8678338
-73.7629097
-112.0339645
-122.2006786
-121.2880059
-74.2654234
-70.9286609
-98.3420118
-92.3340724
-87.7828523
-86.1180435
-85.5800022
-84.3982763
-121.7732971
-71.0119948
-97.0819541
-87.9806265
-116.9719684
-80.0053176
-82.4012642
-97.3967019
-117.1661449
-80.9956105
-118.1339563
-82.9290696
-89.0939952
-116.9625269
-82.64
-88.0111746
-73.064036
-123.1059282
-115.1398296
-95.2091006
-80.3582261
-91.6656232
-81.0558894
-71.0022705
-80.3035602
-106.4424559
-95.6890185
-118.072846
-123.0262077
-93.4687489
-81.5190053
-98.1633432
-117.5931084
-79.9748103
-85.7584557
-121.7568946
-80.1789351
-82.5748194
-117.3505939
-94.9027002
-122.3916754
-85.7053085
-82.1823746
-112.0263313
-80.1373174
-83.624201
-82.8001026
-80.3468593
-87.677251
-87.4139092
-97.342782
-84.0632685
-96.7311034
-85.9213796
-80.206436
-71.759794
-71.4161671
-119.0187125
-80.1917902
-93.2173758
-119.2844621
-81.3444573
-122.4077498
-93.4555093
-86.2519898
-97.4780954
-93.6091064
-81.7786972
-111.8638226
-118.032844
-83.3527097
-87.9064736
-122.2284532
-80.3414693
-70.880049
-122.2170661
-104.8771726
-77.4360481
-85.6802541
-116.977248
-97.6200043
-74.0323626
-84.5037164
-118.081733
-114.6276916
-117.2086513
-88.1347927
-88.0817251
-81.0250784
-121.302728
-83.2732627
-157.8583333
-97.0035982
-71.2856082
-96.5388789
-96.8899636
-88.2120315
-88.1227199
-71.1908924
-82.2359254
-77.1527578
-118.3089661
-117.9242966
-88.5426136
-95.5507771
-83.3677168
-118.096735
-118.0647871
-117.9495083
-108.5506486
-97.8783911
-121.8863286
-97.678896
-93.4557877
-97.4394777
-80.4775569
-95.2010447
-117.7946942
-112.4455344
-122.4869194
-87.71453
-93.7321228
-97.8202888
-84.3733147
-88.2433829
-74.1637553
-97.4867028
-94.2816148
-118.1541632
-96.3699632
-97.1705678
-81.9495331
-122.0321823
-73.2453824
-121.5682751
-71.4547891
-75.977985
-97.6114237
-71.0994968
-82.7873244
-119.7725868
-85.0007653
-87.7936685
-80.1386547
-71.3825558
-118.1058333
-80.244216
-84.2940899
-90.6998477
-122.2363548
-122.0438298
-80.148379
-93.9993996
-117.7256083
-117.185294
-105.0749801
-88.2578582
-71.4128343
-80.2781057
-121.9780153
-117.6508876
-122.2087353
-113.5684164
-80.752608
-118.255075
-72.8070435
-118.3089624
-72.749538
-88.2825668
-96.6988856
-105.1019275
-97.0150078
-81.7981908
-90.704279
-96.3344068
-83.1763145
-75.232664
-92.1193012
-76.6121893
-93.2922989
-92.0031955
-74.4073736
-70.9494938
-92.9593797
-82.3248262
-121.530234
-122.0355736
-80.1392121
-94.1574263
-122.5310874
-92.4421011
-122.4442906
-72.6506488
-73.212072
-114.4608711
-96.6088805
-74.0059413
-118.781482
-117.9389526
-104.8560902
-83.2784851
-97.3307658
-118.281693
-87.5710898
-120.4357191
-86.7827772
-117.0230839
-105.0372046
-75.9268747
-120.8465941
-104.7091322
-95.3010624
-81.5861847
-97.1466695
-122.1341321
-118.8375937
-117.9075627
-73.1951767
-93.3702186
-90.5770675
-80.1353896
-119.1005657
-118.3406288
-89.4012302
-89.0187222
-87.8447938
-86.4808043
-97.1080656
-96.994174
-108.2186856
-121.7124536
-122.1430195
-123.0220289
-70.934205
-122.121512
-121.6957863
-121.7405167
-118.0120086
-86.5186045
-78.3947359
-85.3904888
-74.2048677
-87.7932939
-88.8853078
-88.2072697
-117.9414477
-118.2114603
-104.9811468
-81.378447
-84.3365917
-91.1403196
-72.9492703
-94.4155068
-84.5555347
-87.8539425
-75.0259637
-88.019826
-87.6876969
-81.5439619
-118.2436849
-122.3126222
-111.9391031
-117.0430865
-79.9958864
-118.1331593
-87.7539448
-118.2120161
-85.6602058
-94.513281
-95.0949303
-111.8910474
-80.3256056
-112.0740373
-123.2620435
-96.9561152
-72.6078672
-82.1400923
-84.3615555
-87.8406192
-71.5375718
-122.9006951
-117.9992265
-97.396381
-71.0772796
-88.1450735
-71.1097335
-112.1859866
-117.9931165
-80.1756481
-90.5776367
-80.1289321
-72.7795419
-82.9371409
-81.556235
-122.4302013
-80.2133808
-86.6199957
-121.9552356
-117.3794834
-117.689218
-83.4754913
-74.0143064
-71.0536625
-74.2445902
-82.5514869
-118.2200712
-79.1422464
-76.7791365
-73.4540111
-78.4766781
-80.2683838
-116.7804664
-118.0275667
-88.3161965
-121.9999606
-112.3576567
-74.171811
-123.0350963
-81.407571
-83.9508068
-97.4974838
-97.0969552
-97.0780654
-93.3499489
-83.0457538
-84.5603187
-97.1416768
-77.6109219
-86.80249
-97.7430608
-119.6981901
-87.9889556
-106.6630437
-88.9906312
-88.0895061