63269
72326
390113
182544
133358
109676
65453
73006
124276
214237
51265
82882
59089
48608
102436
42544
199963
47673
50213
91739
239538
181260
172638
73209
62316
467007
42448
61434
58043
48611
201332
48913
39083
118577
74885
202824
258959
39834
67317
38355
479686
87650
47149
41776
68224
147214
270811
48508
126456
82575
52962
210721
76762
1553165
82631
127763
51522
61969
42757
1257676
107100
131224
78041
83891
62448
107479
50344
56540
50997
80988
65690
56707
66893
89130
43849
60697
127359
61255
88697
61170
256780
126604
83506
53438
45587
54932
39325
144864
146526
60112
378715
59097
57073
48957
609456
125880
49858
67569
71016
68667
38609
65902
649495
117006
40584
201175
55870
37313
52844
66075
233294
44275
40590
52105
37442
66318
78373
55046
43363
39458
99763
66695
56683
40963
83539
226918
822553
59325
268738
84349
645966
51074
110742
52363
38722
59635
47135
39389
37240
69122
99769
100065
229972
39309
431746
139969
66900
39056
55174
38290
186411
63032
43609
1409019
125017
68366
46444
83596
42970
75418
151088
55419
398121
81050
49267
79068
345803
86128
98465
81236
70924
62227
68190
352957
75413
42907
36888
90268
439886
204933
192294
52066
53326
98030
77593
103166
69976
43092
39414
316619
157161
54194
70790
73936
96346
45417
45237
60509
92020
526116
68886
39167
842583
39551
100671
81102
120099
67032
61397
50458
60070
49188
108817
224922
108249
37670
42895
400070
58226
104898
70185
318416
73790
556495
119980
59366
226877
151348
55191
37490
90811
123933
610613
41627
457587
87776
50233
37999
40922
47989
78327
66297
70868
148738
42443
116768
65040
97151
67545
45508
51483
256496
54790
57170
61653
98424
104739
61817
62103
101128
255483
59628
48592
112067
49998
43250
148483
40383
38015
87971
61007
40347
278427
48426
60407
65665
43509
123099
48733
53665
155662
111378
49177
248142
77508
43580
104898
49628
43023
46714
80429
70812
42889
49799
153703
152061
87965
96929
199766
297517
40612
56002
68247
282313
45129
182020
78967
41778
83860
186254
63338
40727
39605
56954
59887
59834
151574
49468
93282
54686
49087
65184
45799
69999
38816
86518
646449
53648
38071
101910
113658
116513
434353
49228
56143
46281
1355896
171990
108861
103500
124435
634464
44113
59471
245475
386552
52977
58562
45556
37093
37159
147559
62864
99889
41757
46454
40915
104410
97492
78902
84691
37647
87137
89981
55361
76903
50508
40351
230571
43607
66086
37213
127558
300950
46321
96830
136639
148559
137147
41512
406253
77846
57525
196429
116288
447841
61085
44730
63105
74710
41026
194899
118837
57639
47333
43330
81443
249146
111707
84577
56895
43286
843393
71097
37130
54771
80566
70373
131885
82788
279639
75548
50444
69079
85285
95334
51567
86199
84126
64072
60202
39383
68388
82821
79446
298118
58946
44206
64652
91113
112174
183372
96205
44919
42214
82459
61588
36956
58879
62603
162592
168228
71525
60519
82578
143484
51510
234566
107571
67034
54080
38863
197350
204408
76185
44412
44096
56449
55816
173366
45929
41679
76635
91026
67685
54135
46377
40714
87273
40921
93257
143355
71012
469428
88077
47556
159190
53243
63495
74110
105370
41889
109320
78822
48139
51848
86319
38877
93542
66975
39508
49974
69783
58918
52206
56069
38027
65123
142772
40768
167405
90116
70316
54382
837442
203003
136791
76572
49417
38142
55831
246139
97368
45851
52703
62258
37792
213708
40059
121096
78450
50111
40836
58253
144669
142357
100710
37659
37366
39398
39428
69350
652405
40956
161007
200327
84249
51395
111542
139731
77657
37610
59440
59357
73098
39791
101324
39860
74907
134873
54842
61792
123546
104475
42181
54076
41108
73596
64323
46979
85156
792862
58416
58298
41398
2718782
109059
47134
43907
130660
43935
183270
53956
44641
48612
76419
71948
39765
77677
117044
65416
40999
40566
39375
75806
58582
41705
94275
92472
85728
72952
39331
50821
52403
40918
127999
44359
159503
59738
93184
78740
90231
40167
179590
42150
63279
653450
228653
148892
92147
40249
47591
65176
41664
75018
77147
67815
2195914
106780
117025
117796
48554
56105
63155
53663
162329
75229
203007
110720
47186
94089
65028
54980
43116
40921
42774
257342
294873
86290
43167
71591
345012
50201
59351
133579
136699
54898
91648
37101
42907
39823
197357
334227
57866
58292
133992
127035
51982
52044
50550
115276
78199
85927
47523
48630
56590
53756
53224
75994
81750
107741
47777
56756
89387
57203
81121
37530
150251
102211
249688
49670
51644
51583
603488
152735
171016
128429
38661
93494
130288
674433
127679
54561
37064
51368
198100
80836
171386
104054
609893
52477
56792
51763
110972
46081
91119
74100
63710
37733
172389
72531
109703
43328
40059
61025
70190
45712
164676
45775
55456
41002
81971
363630
417650
74024
52413
40361
66174
73987
100886
87004
207510
47547
45285
86635
95208
599164
74860
41190
40664
97003
106114
214114
55670
40481
53752
52575
308428
106589
91923
54291
40379
147806
69103
67911
56620
347884
65098
43886
44575
126700
41734
52398
48514
59212
64072
104709
138981
66778
39795
81295
63771
49707
40435
59778
50725
998537
109821
65415
118197
64079
37587
236716
54350
38606
48725
66333
61238
99770
83424
85390
58414
53294
159523
78709
38448
165831
60189
44057
51701
110378
448479
47846
78804
78409
509924
37498
56758
50699
71172
40275
236441
62298
82809
80872
72528
38632
40641
50175
83447
71334
38241
177994
233394
74513
167500
84430
76817
39412
196021
60456
59957
41301
110145
274409
89919
40342
51143
71551
100050
95884
61808
49761
622104
164122
46094
50588
91589
65656
127488
49891
50169
37199
78960
58994
63816
203446
47333
42284
45981
39296
8405837
126181
107740
53063
56481
792727
92599
120310
102216
40021
58642
110945
87893
70365
96539
100223
37711
129030
37165
128731
47842
147216
47411
47749
38696
67599
147478
243344
63820
88826
61488
379577
101074
45426
38194
66642
60177
95078
57530
55000
66205
49133
43060
45796
68001
64544
57282
44820
41752
175140
71371
37499
72535
50603
229426
60568
117240
113972
58590
61050
104779
75570
39172
3884307
92734
110077
52536
305841
113242
84103
95677
36877
50789
90983
191180
43074
1513367
55298
46663
55717
57468
94034
37839
42419
48338
197575
316381
62088
38510
107289
234632
38623
46074
102157
89407
72939
47555
45394
109397
69813
54068
120245
172794
79312
57960
52122
42935
41301
87236
97877
78014
56759
83684
44349
49631
46402
115708
40388
43341
72864
145948
160614
65173
50303
181860
68609
50195
49376
688701
42635
60872
210358
212113
885400
90412
37385
91956
54664
39650